25
25
25
25
25
25
25
25
25
25
25
25
25
25
25
25
25
25
25
25
25
25
9
22
25
25
25
25
25
25
25
25
25
25
25
25
25
25
25
25
25
25
25
25
6
25
6
25
25
13
25
25
25
25
25
25
25
25
25
25
25
25
25
25
25
25
6
5
7
9
16
25
25
13
25
25
25
25
25
25
25
25
25
25
25
25
25
25
5
5
6
25
16
7
25
25
25
13
25
25
12
25
25
25
25
25
25
25
25
3
4
25
6
17
17
6
25
25
25
25
25
13
25
25
25
25
25
25
25
25
3
2
6
10
25
10
10
6
25
25
10
25
25
25
25
25
25
25
25
25
25
25
2
4
4
5
10
25
25
10
8
9
25
25
25
25
25
25
25
25
25
25
25
25
2
3
9
3
4
10
25
25
25
8
8
25
25
25
25
25
25
25
25
25
6
25
2
2
25
25
10
4
25
25
10
25
25
4
25
25
8
25
25
25
25
25
1
2
9
25
25
3
6
8
2
10
25
25
25
25
25
25
25
25
25
25
25
1
2
2
25
3
8
9
8
6
25
25
25
25
25
25
25
25
25
25
25
25
1
1
16
1
3
6
8
13
8
25
8
25
25
25
25
25
25
25
25
25
25
25
1
6
1
2
3
9
6
16
25
25
8
8
25
8
25
25
25
25
25
26
25
25
1
2
1
6
2
8
8
6
6
7
16
25
25
25
25
25
25
25
25
25
25
25
1
1
1
2
6
6
8
7
6
8
25
16
25
25
25
25
25
25
25
25
25
25
25
25
25
25
25
25
25
25
25
25
25
25
25
25
25
25
25
25
25
6
6
25
8
6
25
25
17
13
25
25
25
25
25
25
25
12
25
25
25
25
25
25
25
25
25
8
9
5
6
5
6
6
6
9
25
16
13
26
25
25
25
25
25
25
25
5
3
4
3
6
25
9
6
8
9
25
9
10
25
25
25
25
25
14
25
25
14
5
5
5
6
6
3
3
18
13
25
25
8
10
25
25
25
25
25
2
5
2
4
3
8
6
3
13
6
3
6
18
25
25
25
25
25
25
25
25
6
1
2
2
1
4
5
4
8
6
3
6
3
10
25
6
6
25
25
25
25
25
6
25
25
1
1
6
3
2
3
6
9
2
8
2
6
5
6
5
25
25
25
1
25
25
25
25
1
1
4
1
4
2
6
1
6
2
25
6
6
5
2
6
25
25
25
25
25
26
1
1
4
6
6
2
1
1
6
1
25
6
3
6
25
25
5
25
2
25
3
25
25
25
1
1
1
1
1
1
2
6
6
6
1
6
2
4
5
25
4
25
25
25
25
25
25
25
1
4
1
4
1
5
1
1
6
1
6
1
4
2
25
25
6
25
25
25
25
25
3
25
1
1
1
3
1
2
1
5
5
1
1
4
6
15
2
16
25
25
25
25
25
6
25
1
5
1
1
1
5
1
1
5
1
1
3
15
16
4
25
25
25
25
25
25
1
1
4
1
3
1
1
1
1
1
4
6
1
13
6
25
25
13
25
25
25
3
25
1
1
1
1
1
1
1
4
1
3
1
3
3
4
5
13
6
25
25
25
13
25
25
1
1
1
1
1
1
1
2
5
1
4
6
3
11
4
3
18
25
25
25
25
25
25
1
1
5
1
1
1
1
1
1
4
3
4
3
6
3
11
18
25
25
25
25
25
25
1
1
1
1
3
3
1
1
4
5
1
1
4
18
3
3
2
11
25
25
25
25
25
25
1
1
1
1
1
3
1
1
1
4
5
2
3
3
11
5
18
1
25
25
25
25
25
25